[gd_scene load_steps=24 format=3 uid="uid://brhvbncn85nke"]

[ext_resource type="PackedScene" uid="uid://bpoag1rko7t2q" path="res://hubs/player/player.tscn" id="1_v2pkq"]
[ext_resource type="Texture2D" uid="uid://dxk7wv5lmb01u" path="res://hubs/city/assets/courtyard/structures/courtyardSpritemap.png" id="2_3dpdr"]
[ext_resource type="Texture2D" uid="uid://dp1dfhdoexord" path="res://hubs/city/assets/courtyard/structures/courtyardSpritemapRoughness.png" id="3_58ovy"]
[ext_resource type="Texture2D" uid="uid://bi0fxrjgc2m8x" path="res://hubs/city/assets/courtyard/structures/courtyardSpritemapLighting.png" id="4_aujao"]
[ext_resource type="ArrayMesh" uid="uid://dg6o0ilgsf88o" path="res://placeholder/arch.obj" id="5_6h00r"]

[sub_resource type="Curve" id="Curve_tnl3j"]
_data = [Vector2(0, 0), 0.0, 0.0, 0, 0, Vector2(0.502392, 1), 0.0, 0.0, 0, 0, Vector2(1, 0), 0.0, 0.0, 0, 0]
point_count = 3

[sub_resource type="CurveTexture" id="CurveTexture_glxja"]
curve = SubResource("Curve_tnl3j")

[sub_resource type="ParticleProcessMaterial" id="ParticleProcessMaterial_3dw7x"]
emission_shape = 3
emission_box_extents = Vector3(35, 5, 20)
gravity = Vector3(0, -0.5, 0)
scale_curve = SubResource("CurveTexture_glxja")

[sub_resource type="StandardMaterial3D" id="StandardMaterial3D_48qcp"]
shading_mode = 0
albedo_color = Color(0, 0.827451, 1, 1)

[sub_resource type="BoxMesh" id="BoxMesh_bfo0b"]
material = SubResource("StandardMaterial3D_48qcp")
size = Vector3(0.01, 0.01, 0.01)

[sub_resource type="ProceduralSkyMaterial" id="ProceduralSkyMaterial_gbsmr"]
sky_top_color = Color(0.101961, 0.137255, 0.117647, 1)
sky_horizon_color = Color(0, 0, 0, 1)
ground_bottom_color = Color(0, 0, 0, 1)
ground_horizon_color = Color(0, 0, 0, 1)

[sub_resource type="Sky" id="Sky_1f538"]
sky_material = SubResource("ProceduralSkyMaterial_gbsmr")

[sub_resource type="Environment" id="Environment_1eggp"]
background_mode = 2
sky = SubResource("Sky_1f538")
tonemap_mode = 2
ssil_enabled = true
sdfgi_enabled = true
sdfgi_read_sky_light = false
fog_enabled = true
fog_light_color = Color(0.266667, 0.556863, 0.607843, 1)
fog_density = 0.002
fog_sky_affect = 0.0
volumetric_fog_enabled = true
volumetric_fog_density = 0.02
volumetric_fog_albedo = Color(0.372549, 1, 0.941176, 1)

[sub_resource type="CameraAttributesPractical" id="CameraAttributesPractical_4463m"]
dof_blur_far_distance = 9.01
dof_blur_far_transition = 257.09

[sub_resource type="Gradient" id="Gradient_4rxaj"]
colors = PackedColorArray(0.156757, 0.670047, 1, 1, 0, 1, 0.898524, 1)

[sub_resource type="FastNoiseLite" id="FastNoiseLite_5q1ap"]
frequency = 0.0788

[sub_resource type="NoiseTexture2D" id="NoiseTexture2D_o02gm"]
height = 1024
color_ramp = SubResource("Gradient_4rxaj")
noise = SubResource("FastNoiseLite_5q1ap")

[sub_resource type="StandardMaterial3D" id="StandardMaterial3D_v6ab7"]
albedo_color = Color(0, 0.784314, 1, 1)
albedo_texture = SubResource("NoiseTexture2D_o02gm")
emission_enabled = true
emission = Color(0, 0.396078, 0.521569, 1)
texture_filter = 0

[sub_resource type="QuadMesh" id="QuadMesh_whc2f"]

[sub_resource type="NoiseTexture2D" id="NoiseTexture2D_p6ia3"]
width = 128
height = 256
color_ramp = SubResource("Gradient_4rxaj")
noise = SubResource("FastNoiseLite_5q1ap")

[sub_resource type="StandardMaterial3D" id="StandardMaterial3D_uom8y"]
albedo_color = Color(0, 0.784314, 1, 1)
albedo_texture = SubResource("NoiseTexture2D_p6ia3")
emission_enabled = true
emission = Color(0.294118, 0.490196, 0.521569, 1)
texture_filter = 0

[sub_resource type="StandardMaterial3D" id="StandardMaterial3D_c7ytr"]
albedo_color = Color(0, 0.784314, 1, 1)
albedo_texture = SubResource("NoiseTexture2D_p6ia3")
emission_enabled = true
emission = Color(0, 0.482353, 0.572549, 1)
texture_filter = 0

[sub_resource type="StandardMaterial3D" id="StandardMaterial3D_qln17"]
transparency = 2
alpha_scissor_threshold = 0.5
alpha_antialiasing_mode = 0
cull_mode = 2
albedo_texture = ExtResource("2_3dpdr")
roughness_texture = ExtResource("3_58ovy")
emission_enabled = true
emission_energy_multiplier = 0.3
emission_texture = ExtResource("4_aujao")
normal_texture = ExtResource("3_58ovy")
anisotropy_flowmap = ExtResource("3_58ovy")
ao_light_affect = 1.0
ao_texture = ExtResource("3_58ovy")
heightmap_scale = -0.2
heightmap_texture = ExtResource("3_58ovy")
subsurf_scatter_texture = ExtResource("4_aujao")
backlight_texture = ExtResource("4_aujao")
texture_filter = 0

[node name="cave" type="Node3D"]

[node name="GPUParticles3D" type="GPUParticles3D" parent="."]
transform = Transform3D(-0.999567, 0, -0.029422, 0, 1, 0, 0.029422, 0, -0.999567, 8, 6.69549, 11.2361)
amount = 100
preprocess = 60.0
speed_scale = 0.5
visibility_aabb = AABB(-48, -11, -52, 96, 22, 104)
process_material = SubResource("ParticleProcessMaterial_3dw7x")
draw_pass_1 = SubResource("BoxMesh_bfo0b")

[node name="player" parent="." instance=ExtResource("1_v2pkq")]
transform = Transform3D(-0.906308, 0, 0.422618, 0, 1, 0, -0.422618, 0, -0.906308, -5, 1.69549, -1.76393)

[node name="DirectionalLight3D" type="DirectionalLight3D" parent="."]
transform = Transform3D(-0.707107, 0.604136, -0.36745, 0, 0.519653, 0.854377, 0.707107, 0.604136, -0.36745, -0.0607176, 18.0363, -24.2725)
light_color = Color(0.176471, 0.231373, 0.231373, 1)
light_energy = 1.318
light_indirect_energy = 2.0
shadow_bias = 0.09
shadow_opacity = 0.95

[node name="WorldEnvironment" type="WorldEnvironment" parent="."]
environment = SubResource("Environment_1eggp")
camera_attributes = SubResource("CameraAttributesPractical_4463m")

[node name="greyboxing" type="Node3D" parent="."]

[node name="water" type="MeshInstance3D" parent="greyboxing"]
transform = Transform3D(-4.37114e-06, 200, 4.37114e-08, 0, -8.74228e-06, 1, 100, 8.74228e-06, 1.91069e-15, 8, -0.5, 28)
material_override = SubResource("StandardMaterial3D_v6ab7")
mesh = SubResource("QuadMesh_whc2f")
skeleton = NodePath("../..")

[node name="water2" type="MeshInstance3D" parent="greyboxing"]
transform = Transform3D(-1.01152e-06, 35.3554, -0.707107, 12, 3.7749e-06, -4.37114e-08, 2.69717e-07, -35.3553, -0.707107, 30.0418, 3, 32.1261)
material_override = SubResource("StandardMaterial3D_uom8y")
mesh = SubResource("QuadMesh_whc2f")
skeleton = NodePath("../..")

[node name="water3" type="MeshInstance3D" parent="greyboxing"]
transform = Transform3D(17.6777, 35.3553, 3.09086e-08, -4.44089e-14, -2.18557e-06, 1, 17.6777, -35.3553, -3.09086e-08, 32.9582, 9, 46.8739)
material_override = SubResource("StandardMaterial3D_c7ytr")
mesh = SubResource("QuadMesh_whc2f")
skeleton = NodePath("../..")

[node name="water4" type="MeshInstance3D" parent="greyboxing"]
transform = Transform3D(-4.76837e-06, 50, 4.37114e-08, -4.44089e-14, -2.18557e-06, 1, 25, 9.53674e-06, 5.32907e-15, 32.9582, 9, 72.8739)
material_override = SubResource("StandardMaterial3D_c7ytr")
mesh = SubResource("QuadMesh_whc2f")
skeleton = NodePath("../..")

[node name="CSGBox3D" type="CSGBox3D" parent="greyboxing"]
transform = Transform3D(1, 0, 0, 0, 1, 0, 0, 0, 1, 0, 0, 4)
use_collision = true
size = Vector3(11, 1, 13)

[node name="CSGBox3D11" type="CSGBox3D" parent="greyboxing"]
transform = Transform3D(1, 0, 0, 0, 1, 0, 0, 0, 1, 8, 0, 3)
use_collision = true
size = Vector3(7, 1, 11)

[node name="CSGBox3D14" type="CSGBox3D" parent="greyboxing"]
transform = Transform3D(1, 0, 0, 0, 1, 0, 0, 0, 1, 22.5, 0, -6)
use_collision = true
size = Vector3(24, 1, 9)

[node name="CSGBox3D4" type="CSGBox3D" parent="greyboxing"]
transform = Transform3D(0.707107, 0, -0.707107, 0, 1, 0, 0.707107, 0, 0.707107, -1.76777, 0, -1.83223)
use_collision = true
size = Vector3(9, 1, 20)

[node name="CSGBox3D8" type="CSGBox3D" parent="greyboxing"]
transform = Transform3D(5.96046e-08, 0, -1, 0, 1, 0, 1, 0, 5.96046e-08, -6.76777, 0, -3.33223)
use_collision = true
size = Vector3(6, 1, 4)

[node name="CSGBox3D9" type="CSGBox3D" parent="greyboxing"]
transform = Transform3D(0.707107, 0, -0.707107, 0, 1, 0, 0.707107, 0, 0.707107, -8.26777, 0, -6.33223)
use_collision = true
size = Vector3(6, 1, 3)

[node name="CSGBox3D10" type="CSGBox3D" parent="greyboxing"]
transform = Transform3D(8.9407e-08, 0, -1, 0, 1, 0, 1, 0, 8.9407e-08, -9.96777, 0, -10.4322)
use_collision = true
size = Vector3(6, 1, 3)

[node name="CSGBox3D5" type="CSGBox3D" parent="greyboxing"]
transform = Transform3D(0.707107, 0, -0.707107, 0, 1, 0, 0.707107, 0, 0.707107, -4.24264, 11.5, -10.6711)
use_collision = true
size = Vector3(15, 24, 11)

[node name="CSGBox3D12" type="CSGBox3D" parent="greyboxing"]
transform = Transform3D(0.707107, 0, 0.707107, 0, 1, 0, -0.707107, 0, 0.707107, 10.1431, 11.5, -9.25685)
use_collision = true
size = Vector3(11, 24, 11)

[node name="CSGBox3D6" type="CSGBox3D" parent="greyboxing"]
transform = Transform3D(1, 0, 0, 0, 1, 0, 0, 0, 1, 3.67157, 11.5, -6.95685)
use_collision = true
size = Vector3(13, 24, 11)

[node name="CSGBox3D13" type="CSGBox3D" parent="greyboxing"]
transform = Transform3D(1, 0, 0, 0, 1, 0, 0, 0, 1, 26.6716, 11, -13.9569)
use_collision = true
size = Vector3(21, 25, 11)

[node name="CSGBox3D17" type="CSGBox3D" parent="greyboxing"]
transform = Transform3D(0.707107, 0, -0.707107, 0, 1, 0, 0.707107, 0, 0.707107, 40.1464, 11.5, -7.48198)
use_collision = true
size = Vector3(14, 24, 11)

[node name="CSGBox3D18" type="CSGBox3D" parent="greyboxing"]
transform = Transform3D(0, 0, -1, 0, 1, 0, 1, 0, 0, 46.1464, 11.5, 10.018)
use_collision = true
size = Vector3(19, 24, 11)

[node name="CSGBox3D27" type="CSGBox3D" parent="greyboxing"]
transform = Transform3D(0, 0, -1, 0, 1, 0, 1, 0, 0, 57.1464, 11.5, 22.518)
use_collision = true
size = Vector3(8, 24, 19)

[node name="CSGBox3D30" type="CSGBox3D" parent="greyboxing"]
transform = Transform3D(-1, 0, 4.37114e-08, 0, 1, 0, -4.37114e-08, 0, -1, 70.1464, 11.5, 29.518)
use_collision = true
size = Vector3(8, 24, 19)

[node name="CSGBox3D32" type="CSGBox3D" parent="greyboxing"]
transform = Transform3D(-1, 0, 4.37114e-08, 0, 1, 0, -4.37114e-08, 0, -1, 61.7464, 11.5, 52.818)
use_collision = true
size = Vector3(8, 24, 19)

[node name="Courtyard2" type="MeshInstance3D" parent="greyboxing"]
transform = Transform3D(0.444063, 0, 0.444063, 0, 0.628, 0, -0.444063, 0, 0.444063, 49.3742, 11.5163, 75.7913)
material_override = SubResource("StandardMaterial3D_qln17")
mesh = ExtResource("5_6h00r")
skeleton = NodePath("../../courtyardSprites")

[node name="CSGBox3D31" type="CSGBox3D" parent="greyboxing"]
transform = Transform3D(-0.707106, 0, 0.707107, 0, 1, 0, -0.707107, 0, -0.707106, 66.2071, 11.5, 40.4574)
use_collision = true
size = Vector3(8, 24, 16)

[node name="CSGBox3D26" type="CSGBox3D" parent="greyboxing"]
transform = Transform3D(0.707106, 0, -0.707106, 0, 1, 0, 0.707106, 0, 0.707106, 48.0645, 11.5, 19.136)
use_collision = true
size = Vector3(10, 24, 11)

[node name="CSGBox3D23" type="CSGBox3D" parent="greyboxing"]
transform = Transform3D(-0.707106, 0, -0.707106, 0, 1, 0, 0.707106, 0, -0.707106, 44.8536, 5.5, 17.8109)
use_collision = true
size = Vector3(12, 12, 11)

[node name="CSGBox3D24" type="CSGBox3D" parent="greyboxing"]
transform = Transform3D(0, 0, -1, 0, 1, 0, 1, 0, 0, 47.7536, 5.5, 24.1109)
use_collision = true
size = Vector3(12, 12, 22)

[node name="CSGBox3D38" type="CSGBox3D" parent="greyboxing"]
transform = Transform3D(0.999999, 0, 1.19209e-07, 0, 1, 0, -1.19209e-07, 0, 0.999999, 8.25355, 5.5, 62.1109)
use_collision = true
size = Vector3(11, 12, 24)

[node name="CSGBox3D56" type="CSGBox3D" parent="greyboxing"]
transform = Transform3D(0.999999, 0, 1.19209e-07, 0, 1, 0, -1.19209e-07, 0, 0.999999, -12.7464, 5.5, 58.6109)
use_collision = true
size = Vector3(31, 12, 29)

[node name="CSGBox3D61" type="CSGBox3D" parent="greyboxing"]
transform = Transform3D(0.999999, 0, 1.19209e-07, 0, 1, 0, -1.19209e-07, 0, 0.999999, -13.7464, 17.5, 58.6109)
use_collision = true
size = Vector3(29, 12, 29)

[node name="CSGBox3D62" type="CSGBox3D" parent="greyboxing"]
transform = Transform3D(0.707106, 0, -0.707106, 0, 1, 0, 0.707106, 0, 0.707106, -4.54646, 17.5, 59.2109)
use_collision = true
size = Vector3(14, 12, 29)

[node name="CSGBox3D63" type="CSGBox3D" parent="greyboxing"]
transform = Transform3D(0.707106, 0, -0.707106, 0, 1, 0, 0.707106, 0, 0.707106, -1.54646, 17.5, 69.7109)
use_collision = true
size = Vector3(14, 12, 29)

[node name="CSGBox3D64" type="CSGBox3D" parent="greyboxing"]
transform = Transform3D(8.9407e-08, 0, -0.999999, 0, 1, 0, 0.999999, 0, 8.9407e-08, -0.746455, 17.5, 71.3109)
use_collision = true
size = Vector3(14, 12, 29)

[node name="CSGBox3D65" type="CSGBox3D" parent="greyboxing"]
transform = Transform3D(8.9407e-08, 0, -0.999999, 0, 1, 0, 0.999999, 0, 8.9407e-08, 24.7535, 15, 79.3109)
use_collision = true
size = Vector3(14, 17, 40)

[node name="CSGBox3D59" type="CSGBox3D" parent="greyboxing"]
transform = Transform3D(0.707106, 0, 0.707106, 0, 1, 0, -0.707106, 0, 0.707106, -25.8217, 11.5, 54.9693)
use_collision = true
size = Vector3(12, 24, 18.7)

[node name="CSGBox3D60" type="CSGBox3D" parent="greyboxing"]
transform = Transform3D(0.999999, 0, 8.9407e-08, 0, 1, 0, -8.9407e-08, 0, 0.999999, -52.0216, 11.5, 61.9693)
use_collision = true
size = Vector3(31, 24, 18.7)

[node name="CSGBox3D66" type="CSGBox3D" parent="greyboxing"]
transform = Transform3D(0.707106, 0, -0.707106, 0, 1, 0, 0.707106, 0, 0.707106, -78.8397, 11.5, 54.1513)
use_collision = true
size = Vector3(22, 24, 18.7)

[node name="CSGBox3D68" type="CSGBox3D" parent="greyboxing"]
transform = Transform3D(-0.707106, 0, -0.707106, 0, 1, 0, 0.707106, 0, -0.707106, -78.8397, 11.5, 7.15129)
use_collision = true
size = Vector3(22, 24, 18.7)

[node name="CSGBox3D69" type="CSGBox3D" parent="greyboxing"]
transform = Transform3D(-0.999999, 0, 0, 0, 1, 0, 0, 0, -0.999999, -63.8397, 11.5, -2.84871)
use_collision = true
size = Vector3(22, 24, 18.7)

[node name="CSGBox3D72" type="CSGBox3D" parent="greyboxing"]
transform = Transform3D(-0.999999, 0, 0, 0, 1, 0, 0, 0, -0.999999, -59.8397, 11.5, 22.0013)
use_collision = true
size = Vector3(6, 24, 5)

[node name="CSGBox3D73" type="CSGBox3D" parent="greyboxing"]
transform = Transform3D(-0.999999, 0, 0, 0, 1, 0, 0, 0, -0.999999, -26.8397, 11.5, 25.0013)
use_collision = true
size = Vector3(6, 24, 5)

[node name="CSGBox3D75" type="CSGBox3D" parent="greyboxing"]
transform = Transform3D(-0.999999, 0, 0, 0, 1, 0, 0, 0, -0.999999, -47.8397, 11.5, 40.0013)
use_collision = true
size = Vector3(6, 24, 5)

[node name="CSGBox3D76" type="CSGBox3D" parent="greyboxing"]
transform = Transform3D(-0.999999, 0, 0, 0, 1, 0, 0, 0, -0.999999, -31.8397, 11.5, 1.00129)
use_collision = true
size = Vector3(6, 24, 5)

[node name="CSGBox3D78" type="CSGBox3D" parent="greyboxing"]
transform = Transform3D(-0.999999, 0, 0, 0, 1, 0, 0, 0, -0.999999, 24.3603, 11.5, 7.10129)
use_collision = true
size = Vector3(6, 24, 5)

[node name="CSGBox3D80" type="CSGBox3D" parent="greyboxing"]
transform = Transform3D(-0.999999, 0, 0, 0, 1, 0, 0, 0, -0.999999, 20.3603, 11.5, 43.1013)
use_collision = true
size = Vector3(6, 24, 5)

[node name="CSGBox3D79" type="CSGBox3D" parent="greyboxing"]
transform = Transform3D(-0.999999, 0, 0, 0, 1, 0, 0, 0, -0.999999, 51.3603, 11.5, 38.1013)
use_collision = true
size = Vector3(6, 24, 5)

[node name="CSGBox3D70" type="CSGBox3D" parent="greyboxing"]
transform = Transform3D(-0.707106, 0, -0.707106, 0, 1, 0, 0.707106, 0, -0.707106, -49.3648, 11.5, -10.3236)
use_collision = true
size = Vector3(29, 24, 18.7)

[node name="CSGBox3D71" type="CSGBox3D" parent="greyboxing"]
transform = Transform3D(-0.999999, 0, 0, 0, 1, 0, 0, 0, -0.999999, -23.3648, 11.5, -21.3236)
use_collision = true
size = Vector3(29, 24, 18.7)

[node name="CSGBox3D67" type="CSGBox3D" parent="greyboxing"]
transform = Transform3D(8.9407e-08, 0, -0.999999, 0, 1, 0, 0.999999, 0, 8.9407e-08, -88.8397, 11.5, 23.6513)
use_collision = true
size = Vector3(35, 24, 18.7)

[node name="CSGBox3D40" type="CSGBox3D" parent="greyboxing"]
transform = Transform3D(0.707106, 0, 0.707106, 0, 1, 0, -0.707106, 0, 0.707106, 11.4711, 5.5, 51.7929)
use_collision = true
size = Vector3(7, 12, 8)

[node name="CSGBox3D48" type="CSGBox3D" parent="greyboxing"]
transform = Transform3D(0.707106, 0, 0.707106, 0, 1, 0, -0.707106, 0, 0.707106, 4.4, 5.5, 48.2574)
use_collision = true
size = Vector3(6, 12, 13)

[node name="CSGBox3D57" type="CSGBox3D" parent="greyboxing"]
transform = Transform3D(-1.49012e-07, 0, 0.999999, 0, 1, 0, -0.999999, 0, -1.49012e-07, -4.5, 5.5, 44.5574)
use_collision = true
size = Vector3(6, 12, 13)

[node name="CSGBox3D58" type="CSGBox3D" parent="greyboxing"]
transform = Transform3D(-0.707106, 0, 0.707106, 0, 1, 0, -0.707106, 0, -0.707106, -11.3787, 5.5, 44.0147)
use_collision = true
size = Vector3(3, 12, 4)

[node name="CSGBox3D55" type="CSGBox3D" parent="greyboxing"]
transform = Transform3D(-8.9407e-08, 0, 0.999999, 0, 1, 0, -0.999999, 0, -8.9407e-08, 8.59999, 5.5, 49.4574)
use_collision = true
size = Vector3(6, 12, 5)

[node name="CSGBox3D41" type="CSGBox3D" parent="greyboxing"]
transform = Transform3D(0.707106, 0, 0.707106, 0, 1, 0, -0.707106, 0, 0.707106, 32.1175, 1, 29.9038)
use_collision = true
size = Vector3(2, 3, 2)

[node name="CSGBox3D44" type="CSGBox3D" parent="greyboxing"]
transform = Transform3D(0.707106, 0, 0.707106, 0, 1, 0, -0.707106, 0, 0.707106, 32.1175, 0.5, 29.1967)
use_collision = true
size = Vector3(3, 2, 3)

[node name="CSGBox3D43" type="CSGBox3D" parent="greyboxing"]
transform = Transform3D(0.707106, 0, 0.707106, 0, 1, 0, -0.707106, 0, 0.707106, 32.2589, 5, 30.0452)
use_collision = true
size = Vector3(1.4, 5, 1.6)

[node name="CSGBox3D42" type="CSGBox3D" parent="greyboxing"]
transform = Transform3D(0.707106, 0, 0.707106, 0, 1, 0, -0.707106, 0, 0.707106, 31.764, 8.5, 30.2574)
use_collision = true
size = Vector3(3, 4, 2)

[node name="CSGBox3D45" type="CSGBox3D" parent="greyboxing"]
transform = Transform3D(0.707106, 0, 0.707106, 0, 1, 0, -0.707106, 0, 0.707106, 31.764, 8.5, 30.2574)
use_collision = true
size = Vector3(5, 2, 2)

[node name="CSGBox3D47" type="CSGBox3D" parent="greyboxing"]
transform = Transform3D(0.707106, 0, 0.707106, 0, 1, 0, -0.707106, 0, 0.707106, 26.835, 1, 34.1863)
use_collision = true
size = Vector3(3, 3, 2)

[node name="CSGBox3D52" type="CSGBox3D" parent="greyboxing"]
transform = Transform3D(0.707106, 0, 0.707106, 0, 1, 0, -0.707106, 0, 0.707106, 36.7345, 1, 24.2868)
use_collision = true
size = Vector3(3, 3, 2)

[node name="CSGBox3D51" type="CSGBox3D" parent="greyboxing"]
transform = Transform3D(0.707106, 0, 0.707106, 0, 1, 0, -0.707106, 0, 0.707106, 27.5421, 1.5, 34.1863)
use_collision = true
size = Vector3(2, 4, 1)

[node name="CSGBox3D53" type="CSGBox3D" parent="greyboxing"]
transform = Transform3D(0.707106, 0, 0.707106, 0, 1, 0, -0.707106, 0, 0.707106, 13.4, 1.5, 48.3284)
use_collision = true
size = Vector3(2, 4, 1)

[node name="CSGBox3D54" type="CSGBox3D" parent="greyboxing"]
transform = Transform3D(0.707106, 0, 0.707106, 0, 1, 0, -0.707106, 0, 0.707106, 13.4, 0.5, 47.6213)
use_collision = true
size = Vector3(3, 2, 2)

[node name="CSGBox3D29" type="CSGBox3D" parent="greyboxing"]
transform = Transform3D(0, 0, -1, 0, 1, 0, 1, 0, 0, 56.0036, 5.5, 32.6109)
use_collision = true
size = Vector3(12, 12, 21.5)

[node name="CSGBox3D35" type="CSGBox3D" parent="greyboxing"]
transform = Transform3D(0, 0, -1, 0, 1, 0, 1, 0, 0, 48.2536, 5.5, 54.6109)
use_collision = true
size = Vector3(16, 12, 21)

[node name="CSGBox3D37" type="CSGBox3D" parent="greyboxing"]
transform = Transform3D(0, 0, -1, 0, 1, 0, 1, 0, 0, 25.2535, 11, 58.6109)
use_collision = true
size = Vector3(4, 1, 23)

[node name="CSGBox3D39" type="CSGBox3D" parent="greyboxing"]
transform = Transform3D(-0.707106, 0, -0.707106, 0, 1, 0, 0.707106, 0, -0.707106, 45.1678, 5.5, 61.2825)
use_collision = true
size = Vector3(17, 12, 26)

[node name="CSGBox3D33" type="CSGBox3D" parent="greyboxing"]
transform = Transform3D(-0.707106, 0, -0.707106, 0, 1, 0, 0.707106, 0, -0.707106, 57.7159, 5.5, 36.3232)
use_collision = true
size = Vector3(12, 12, 11)

[node name="CSGBox3D34" type="CSGBox3D" parent="greyboxing"]
transform = Transform3D(-0.707106, 0, 0.707106, 0, 1, 0, -0.707106, 0, -0.707106, 56.7159, 5.5, 46.3232)
use_collision = true
size = Vector3(12, 12, 11)

[node name="CSGBox3D36" type="CSGBox3D" parent="greyboxing"]
transform = Transform3D(-0.707106, 0, 0.707106, 0, 1, 0, -0.707106, 0, -0.707106, 33.1661, 5.5, 53.0161)
use_collision = true
size = Vector3(4, 12, 17)

[node name="CSGBox3D28" type="CSGBox3D" parent="greyboxing"]
transform = Transform3D(0.707106, 0, -0.707106, 0, 1, 0, 0.707106, 0, 0.707106, 44.5109, 5.5, 30.8536)
use_collision = true
size = Vector3(12, 12, 10)

[node name="CSGBox3D2" type="CSGBox3D" parent="greyboxing"]
transform = Transform3D(1, 0, 0, 0, 1, 0, 0, 0, 1, -8.55, 0, 6.35)
use_collision = true
size = Vector3(6.9, 1, 8.5)

[node name="CSGBox3D3" type="CSGBox3D" parent="greyboxing"]
transform = Transform3D(0.707107, 0, -0.707107, 0, 1, 0, 0.707107, 0, 0.707107, -7.89792, 0, 10.4021)
use_collision = true
size = Vector3(5.6, 1, 6)

[node name="CSGBox3D46" type="CSGBox3D" parent="greyboxing"]
transform = Transform3D(0.866025, 0.25, -0.433013, -7.05131e-08, 0.866025, 0.5, 0.5, -0.433013, 0.75, -11.0711, -1.16506, 14.2841)
use_collision = true
size = Vector3(4, 6, 10)

[node name="CSGBox3D49" type="CSGBox3D" parent="greyboxing"]
transform = Transform3D(0.866025, 0, -0.5, 0, 1, 0, 0.5, 0, 0.866026, -12.6721, 0.934937, 20.1021)
use_collision = true
size = Vector3(9, 6, 6)

[node name="CSGBox3D50" type="CSGBox3D" parent="greyboxing"]
transform = Transform3D(0.866025, 0, -0.5, 0, 1, 0, 0.5, 0, 0.866026, -11.507, 2.43494, 23.0841)
use_collision = true
size = Vector3(8, 3, 6)

[node name="CSGBox3D7" type="CSGBox3D" parent="greyboxing"]
transform = Transform3D(0.707107, 0, -0.707107, 0, 1, 0, 0.707107, 0, 0.707107, 7.49602, 0, 8.50815)
use_collision = true
size = Vector3(5.6, 1, 5.7)

[node name="CSGBox3D15" type="CSGBox3D" parent="greyboxing"]
transform = Transform3D(0.707107, 0, -0.707107, 0, 1, 0, 0.707107, 0, 0.707107, 13.0163, 0, -2.01213)
use_collision = true
size = Vector3(5.6, 1, 10)

[node name="CSGBox3D16" type="CSGBox3D" parent="greyboxing"]
transform = Transform3D(-0.707107, 0, -0.707107, 0, 1, 0, 0.707107, 0, -0.707107, 34.5113, 0, -0.507107)
use_collision = true
size = Vector3(7, 1, 10)

[node name="CSGBox3D19" type="CSGBox3D" parent="greyboxing"]
transform = Transform3D(-1, 0, 5.96046e-08, 0, 1, 0, -5.96046e-08, 0, -1, 38.5113, 0, 6.99289)
use_collision = true
size = Vector3(7, 1, 15)

[node name="CSGBox3D21" type="CSGBox3D" parent="greyboxing"]
transform = Transform3D(-1, 0, 5.96046e-08, 0, 1, 0, -5.96046e-08, 0, -1, 35.8113, 0, 17.1929)
use_collision = true
size = Vector3(7, 1, 6)

[node name="CSGBox3D25" type="CSGBox3D" parent="greyboxing"]
transform = Transform3D(-0.707107, 0, -0.707107, 0, 1, 0, 0.707107, 0, -0.707107, 36.9113, 0, 19.7929)
use_collision = true
size = Vector3(7, 1, 6)

[node name="CSGBox3D20" type="CSGBox3D" parent="greyboxing"]
transform = Transform3D(-0.707107, 0, 0.707107, 0, 1, 0, -0.707107, 0, -0.707107, 37.279, 0, 14.2251)
use_collision = true
size = Vector3(7, 1, 10)

[node name="CSGBox3D22" type="CSGBox3D" parent="greyboxing"]
transform = Transform3D(0.707107, 0, 0.707107, 0, 1, 0, -0.707107, 0, 0.707107, 38.279, 0, 18.2251)
use_collision = true
size = Vector3(7, 1, 10)
