[gd_scene load_steps=37 format=3 uid="uid://ck8jmxbk38api"]

[ext_resource type="PackedScene" uid="uid://cc1m2a1obsyn4" path="res://addons/fpc/character.tscn" id="1_grb3a"]
[ext_resource type="Shader" path="res://sky.gdshader" id="2_075gl"]
[ext_resource type="Texture2D" uid="uid://myx2uv7jdgsx" path="res://testFacade.png" id="2_b84pj"]
[ext_resource type="Texture2D" uid="uid://baehd02yyrftt" path="res://testArch.png" id="3_anenf"]
[ext_resource type="Texture2D" uid="uid://dr14txfjhgkdy" path="res://shooting_star_sampler.png" id="3_gedvc"]
[ext_resource type="ArrayMesh" uid="uid://dg6o0ilgsf88o" path="res://arch.obj" id="3_i723x"]
[ext_resource type="Texture2D" uid="uid://b1cx8abj4ol2l" path="res://testArchBacking.png" id="4_wry8h"]
[ext_resource type="Texture2D" uid="uid://bi0fxrjgc2m8x" path="res://courtyardSpritemapLighting.png" id="5_1skrm"]
[ext_resource type="ArrayMesh" uid="uid://dv57hnhev4ewt" path="res://courtyard.obj" id="5_hkspr"]
[ext_resource type="Texture2D" uid="uid://dxk7wv5lmb01u" path="res://courtyardSpritemap.png" id="6_bqkgb"]
[ext_resource type="Texture2D" uid="uid://dp1dfhdoexord" path="res://courtyardSpritemapRoughness.png" id="6_posl6"]
[ext_resource type="Texture2D" uid="uid://bvu1coc7mcfmw" path="res://floor.png" id="8_mbgyn"]
[ext_resource type="Texture2D" uid="uid://bwtxei5xvjedo" path="res://floatingMoon.png" id="10_qncfs"]
[ext_resource type="ArrayMesh" uid="uid://qiqh5m878ktv" path="res://fountain.obj" id="11_ojs8s"]
[ext_resource type="Texture2D" uid="uid://d2y33l18m1pd6" path="res://fountain.png" id="11_upw68"]

[sub_resource type="Gradient" id="Gradient_qpyyj"]
interpolation_mode = 2
offsets = PackedFloat32Array(0, 0.106061, 0.207071)
colors = PackedColorArray(0.984314, 1, 0.992157, 1, 0.984314, 1, 0.992157, 1, 0.982531, 1, 0.992265, 0)

[sub_resource type="GradientTexture2D" id="GradientTexture2D_n0847"]
gradient = SubResource("Gradient_qpyyj")
width = 256
height = 256
fill = 1
fill_from = Vector2(0.5, 0.5)

[sub_resource type="Curve" id="Curve_yevs4"]
_data = [Vector2(0, 0), 0.0, 0.797178, 0, 0, Vector2(1, 1), 0.0, 0.0, 0, 0]
point_count = 2

[sub_resource type="CurveTexture" id="CurveTexture_tpj1h"]
curve = SubResource("Curve_yevs4")

[sub_resource type="FastNoiseLite" id="FastNoiseLite_c6jdl"]

[sub_resource type="NoiseTexture2D" id="NoiseTexture2D_l2gh8"]
seamless = true
noise = SubResource("FastNoiseLite_c6jdl")

[sub_resource type="FastNoiseLite" id="FastNoiseLite_rqt88"]

[sub_resource type="NoiseTexture2D" id="NoiseTexture2D_if82a"]
seamless = true
noise = SubResource("FastNoiseLite_rqt88")

[sub_resource type="FastNoiseLite" id="FastNoiseLite_a8oqt"]

[sub_resource type="NoiseTexture2D" id="NoiseTexture2D_o034d"]
seamless = true
noise = SubResource("FastNoiseLite_a8oqt")

[sub_resource type="ShaderMaterial" id="ShaderMaterial_fobon"]
shader = ExtResource("2_075gl")
shader_parameter/clouds_samples = 16
shader_parameter/shadow_sample = 4
shader_parameter/clouds_density = 0.3
shader_parameter/clouds_scale = 1.0
shader_parameter/clouds_smoothness = 0.035
shader_parameter/clouds_light_color = Color(0.882353, 1, 0.984314, 1)
shader_parameter/clouds_shadow_intensity = 3.9
shader_parameter/cloud_shape_sampler = SubResource("NoiseTexture2D_if82a")
shader_parameter/cloud_noise_sampler = SubResource("NoiseTexture2D_l2gh8")
shader_parameter/cloud_curves = SubResource("CurveTexture_tpj1h")
shader_parameter/high_clouds_density = 0.2
shader_parameter/high_clouds_sampler = SubResource("NoiseTexture2D_o034d")
shader_parameter/top_color = Color(0, 0.721569, 1, 1)
shader_parameter/bottom_color = Color(0, 0.0784314, 1, 1)
shader_parameter/sun_scatter = Color(0, 0.592157, 1, 1)
shader_parameter/astro_tint = Color(1, 0.988235, 0.721569, 1)
shader_parameter/astro_scale = 4.9
shader_parameter/astro_intensity = 3.0
shader_parameter/astro_sampler = SubResource("GradientTexture2D_n0847")
shader_parameter/stars_intensity = 0.2
shader_parameter/shooting_stars_intensity = 0.1
shader_parameter/shooting_star_tint = Color(0.52549, 0.529412, 0.466667, 1)
shader_parameter/shooting_star_sampler = ExtResource("3_gedvc")

[sub_resource type="Sky" id="Sky_5a4rh"]
sky_material = SubResource("ShaderMaterial_fobon")

[sub_resource type="Environment" id="Environment_mbhlm"]
background_mode = 2
sky = SubResource("Sky_5a4rh")
tonemap_mode = 2
ssao_enabled = true
ssil_enabled = true
sdfgi_enabled = true
sdfgi_read_sky_light = false
fog_enabled = true
fog_light_color = Color(0.607843, 0.490196, 0.262745, 1)
fog_density = 0.002
fog_sky_affect = 0.0
volumetric_fog_enabled = true
volumetric_fog_density = 0.0075
volumetric_fog_albedo = Color(1, 0.815686, 0.537255, 1)

[sub_resource type="StandardMaterial3D" id="StandardMaterial3D_lqyfd"]
albedo_color = Color(0, 0.0551948, 0.53125, 1)

[sub_resource type="QuadMesh" id="QuadMesh_wvfal"]

[sub_resource type="BoxMesh" id="BoxMesh_180s6"]

[sub_resource type="StandardMaterial3D" id="StandardMaterial3D_ji3y2"]
transparency = 2
alpha_scissor_threshold = 0.5
alpha_antialiasing_mode = 0
cull_mode = 2
albedo_texture = ExtResource("6_bqkgb")
roughness_texture = ExtResource("6_posl6")
emission_enabled = true
emission_energy_multiplier = 0.3
emission_texture = ExtResource("5_1skrm")
normal_texture = ExtResource("6_posl6")
anisotropy_flowmap = ExtResource("6_posl6")
ao_light_affect = 1.0
ao_texture = ExtResource("6_posl6")
heightmap_scale = -0.2
heightmap_texture = ExtResource("6_posl6")
subsurf_scatter_texture = ExtResource("5_1skrm")
backlight_texture = ExtResource("5_1skrm")
texture_filter = 0

[sub_resource type="StandardMaterial3D" id="StandardMaterial3D_46pwq"]
transparency = 2
alpha_scissor_threshold = 0.5
alpha_antialiasing_mode = 0
cull_mode = 2
albedo_texture = ExtResource("11_upw68")
texture_filter = 0

[sub_resource type="QuadMesh" id="QuadMesh_xh6qv"]

[sub_resource type="StandardMaterial3D" id="StandardMaterial3D_ar5oc"]
transparency = 1
albedo_color = Color(0, 0.811765, 1, 0.337255)
subsurf_scatter_strength = 1.0

[sub_resource type="StandardMaterial3D" id="StandardMaterial3D_hebfo"]
albedo_color = Color(0, 0.231373, 1, 1)
subsurf_scatter_enabled = true
subsurf_scatter_strength = 1.0

[node name="cityGreybox" type="Node3D"]

[node name="festival" type="Node3D" parent="."]

[node name="CSGBox3D" type="CSGBox3D" parent="festival"]
transform = Transform3D(1, 0, 0, 0, 1, 0, 0, 0, 1, 0, 0, 21.635)
visible = false
calculate_tangents = false
use_collision = true
size = Vector3(83, 1, 64.27)

[node name="CSGBox3D14" type="CSGBox3D" parent="festival"]
transform = Transform3D(1, 0, 0, 0, 1, 0, 0, 0, 1, 0, 0, 42.169)
calculate_tangents = false
use_collision = true
size = Vector3(83, 1, 16.2429)

[node name="CSGBox3D16" type="CSGBox3D" parent="festival"]
transform = Transform3D(1, 0, 0, 0, 1, 0, 0, 0, 1, 0, 0, -21)
calculate_tangents = false
use_collision = true
size = Vector3(15, 1, 25)

[node name="CSGBox3D73" type="CSGBox3D" parent="festival"]
transform = Transform3D(-0.258819, 0, 0.965926, 0, 1, 0, -0.965926, 0, -0.258819, -24.7567, 3.27803, -7.7799)
calculate_tangents = false
use_collision = true
size = Vector3(1, 11, 18.7295)

[node name="CSGBox3D19" type="CSGBox3D" parent="festival"]
transform = Transform3D(1, 0, 0, 0, 1, 0, 0, 0, 1, -6, 3.57704, -17.8647)
calculate_tangents = false
use_collision = true
size = Vector3(1, 11, 18.7295)

[node name="CSGBox3D48" type="CSGBox3D" parent="festival"]
transform = Transform3D(1, 0, 0, 0, 1, 0, 0, 0, 1, -32, 4.5, -66.1333)
calculate_tangents = false
use_collision = true
size = Vector3(7, 8, 4)

[node name="CSGBox3D50" type="CSGBox3D" parent="festival"]
transform = Transform3D(1, 0, 0, 0, 1, 0, 0, 0, 1, -37, 4.00167, -70.0395)
calculate_tangents = false
use_collision = true
size = Vector3(5, 5, 4)

[node name="CSGBox3D49" type="CSGBox3D" parent="festival"]
transform = Transform3D(1, 0, 0, 0, 1, 0, 0, 0, 1, -30.2831, 4.5, -67.1333)
calculate_tangents = false
use_collision = true
size = Vector3(3.56616, 8, 6)

[node name="CSGBox3D43" type="CSGBox3D" parent="festival"]
transform = Transform3D(1, 0, 0, 0, 1, 0, 0, 0, 1, -32, 6, -61)
calculate_tangents = false
use_collision = true
size = Vector3(7, 11, 7)

[node name="CSGBox3D27" type="CSGBox3D" parent="festival"]
transform = Transform3D(1, 0, 0, 0, 1, 0, 0, 0, 1, -36, 3, -52.5)
calculate_tangents = false
use_collision = true
size = Vector3(15, 17, 6)

[node name="CSGBox3D45" type="CSGBox3D" parent="festival"]
transform = Transform3D(1, 0, 0, 0, 1, 0, 0, 0, 1, -44, 3, -57.5)
calculate_tangents = false
use_collision = true
size = Vector3(3, 17, 6)

[node name="CSGBox3D46" type="CSGBox3D" parent="festival"]
transform = Transform3D(1, 0, 0, 0, 1, 0, 0, 0, 1, -41, 8, -57.5)
calculate_tangents = false
use_collision = true
size = Vector3(3, 7, 6)

[node name="CSGBox3D38" type="CSGBox3D" parent="festival"]
transform = Transform3D(1, 0, 0, 0, 1, 0, 0, 0, 1, -32, 4.5, -93.8511)
calculate_tangents = false
use_collision = true
size = Vector3(3, 8, 41)

[node name="CSGCylinder3D" type="CSGCylinder3D" parent="festival/CSGBox3D38"]
transform = Transform3D(-7.43094e-08, 1, 0, -1.7, -4.37114e-08, 0, 0, 0, 1, 0, -4, 13)
operation = 2
radius = 4.0
height = 4.0
sides = 24

[node name="CSGCylinder3D2" type="CSGCylinder3D" parent="festival/CSGBox3D38"]
transform = Transform3D(-7.43094e-08, 1, 0, -1.7, -4.37114e-08, 0, 0, 0, 1, 0, -4, -14)
operation = 2
radius = 4.0
height = 4.0
sides = 24

[node name="CSGCylinder3D3" type="CSGCylinder3D" parent="festival/CSGBox3D38"]
transform = Transform3D(-7.43094e-08, 1, 0, -1.7, -4.37114e-08, 0, 0, 0, 1, 0, -4, -5)
operation = 2
radius = 4.0
height = 4.0
sides = 24

[node name="CSGCylinder3D4" type="CSGCylinder3D" parent="festival/CSGBox3D38"]
transform = Transform3D(-7.43094e-08, 1, 0, -1.7, -4.37114e-08, 0, 0, 0, 1, 0, -4, 4)
operation = 2
radius = 4.0
height = 4.0
sides = 24

[node name="CSGBox3D24" type="CSGBox3D" parent="festival"]
transform = Transform3D(1, 0, 0, 0, 1, 0, 0, 0, 1, -17.038, 6, -65.6628)
calculate_tangents = false
use_collision = true
size = Vector3(1, 11, 19.666)

[node name="CSGBox3D34" type="CSGBox3D" parent="festival"]
transform = Transform3D(-4.37114e-08, 0, -1, 0, 1, 0, 1, 0, -4.37114e-08, 7.5, 5, -66.0002)
snap = 1e-06
calculate_tangents = false
use_collision = true
size = Vector3(19, 13, 50)

[node name="CSGBox3D" type="CSGBox3D" parent="festival/CSGBox3D34"]
transform = Transform3D(1, 0, 0, 0, 1, 0, 0, 0, 1, 1, -2, -12)
operation = 2
size = Vector3(29, 5, 3)

[node name="CSGBox3D2" type="CSGBox3D" parent="festival/CSGBox3D34"]
transform = Transform3D(0.965926, 0.258819, 1.48943e-09, -0.258819, 0.965926, 1.13133e-08, 1.48943e-09, -1.13133e-08, 1, 6.50266, -4.77766, -12)
operation = 2
size = Vector3(15, 3, 3)

[node name="CSGBox3D35" type="CSGBox3D" parent="festival"]
transform = Transform3D(-4.37114e-08, 0, -1, 0, 1, 0, 1, 0, -4.37114e-08, -33.5, 4.5, -72.7327)
calculate_tangents = false
use_collision = true
size = Vector3(5.53503, 8, 10)

[node name="CSGBox3D41" type="CSGBox3D" parent="festival"]
transform = Transform3D(-4.37114e-08, 0, -1, 0, 1, 0, 1, 0, -4.37114e-08, -42.5, 5, -66.5002)
calculate_tangents = false
use_collision = true
size = Vector3(18, 13, 10)

[node name="CSGBox3D36" type="CSGBox3D" parent="festival"]
transform = Transform3D(-1, 0, 8.74228e-08, 0, 1, 0, -8.74228e-08, 0, -1, -47, 6, -93.5002)
calculate_tangents = false
use_collision = true
size = Vector3(2, 11, 39)

[node name="CSGBox3D37" type="CSGBox3D" parent="festival"]
transform = Transform3D(1.31134e-07, 0, 1, 0, 1, 0, -1, 0, 1.31134e-07, -21.5, 6, -127)
calculate_tangents = false
use_collision = true
size = Vector3(28, 11, 53)

[node name="CSGCylinder3D" type="CSGCylinder3D" parent="festival/CSGBox3D37"]
transform = Transform3D(-4.37114e-08, -8.46, 4.37114e-08, 0, -3.69798e-07, -1, 1, -3.69798e-07, 1.91069e-15, -6, 2.4537, 10)
operation = 2
radius = 3.5
sides = 18

[node name="CSGBox3D" type="CSGBox3D" parent="festival/CSGBox3D37"]
transform = Transform3D(8.46, 0, 0, 0, 1, 0, 0, 0, 1, -8.11139, -1.5, 10)
operation = 2
size = Vector3(2.50085, 8, 7)

[node name="CSGBox3D20" type="CSGBox3D" parent="festival"]
transform = Transform3D(1, 0, 0, 0, 1, 0, 0, 0, 1, 6, 3.57704, -21)
calculate_tangents = false
use_collision = true
size = Vector3(1, 11, 25)

[node name="CSGBox3D21" type="CSGBox3D" parent="festival"]
transform = Transform3D(0.707107, 0, 0.707107, 0, 1, 0, -0.707107, 0, 0.707107, -3.06066, 3.5, -46.3033)
operation = 1
calculate_tangents = false
use_collision = true
size = Vector3(7, 16, 34)

[node name="CSGCylinder3D" type="CSGCylinder3D" parent="festival/CSGBox3D21"]
transform = Transform3D(0, -1, 1.83588e-08, 0, -4.37114e-08, -0.42, 0.336, -5.96046e-08, 0, -7.62939e-06, 0.0356865, 3.72793)
operation = 2
radius = 3.5
height = 10.0
sides = 18

[node name="CSGBox3D" type="CSGBox3D" parent="festival/CSGBox3D21"]
transform = Transform3D(1, 0, 0, 0, 0.42, 0, 0, 0, 0.336, 0.49999, -1.47311, 3.72794)
operation = 2
size = Vector3(8, 7.27734, 7)

[node name="CSGBox3D2" type="CSGBox3D" parent="festival/CSGBox3D21"]
transform = Transform3D(0.965926, 0.108704, -1.49012e-08, -0.258819, 0.405689, 0, -8.9407e-08, -1.11759e-08, 0.336, 0.839375, -2.64577, 3.72794)
operation = 2
size = Vector3(9, 4.5918, 7)

[node name="CSGBox3D22" type="CSGBox3D" parent="festival"]
transform = Transform3D(0.707107, 0, 0.707107, 0, 1, 0, -0.707107, 0, 0.707107, -17.5326, 6, -38.5326)
calculate_tangents = false
use_collision = true
size = Vector3(1, 11, 33)

[node name="CSGBox3D18" type="CSGBox3D" parent="festival"]
transform = Transform3D(1, 0, 0, 0, 1, 0, 0, 0, 1, -27.1432, 0, -62.9432)
calculate_tangents = false
use_collision = true
size = Vector3(25, 1, 25)

[node name="CSGBox3D33" type="CSGBox3D" parent="festival"]
transform = Transform3D(1, 0, 0, 0, 1, 0, 0, 0, 1, -7.5, 0, -106.943)
calculate_tangents = false
use_collision = true
size = Vector3(80, 1, 63)

[node name="CSGBox3D51" type="CSGBox3D" parent="festival"]
transform = Transform3D(1, 0, 0, 0, 1, 0, 0, 0, 1, 37.5, -3.5, -116.443)
calculate_tangents = false
use_collision = true
size = Vector3(10, 8, 44)

[node name="CSGBox3D60" type="CSGBox3D" parent="festival"]
transform = Transform3D(1, 0, 0, 0, 1, 0, 0, 0, 1, 33.5, 1, -111.443)
calculate_tangents = false
use_collision = true
size = Vector3(2, 1, 4)

[node name="CSGBox3D61" type="CSGBox3D" parent="festival"]
transform = Transform3D(1, 0, 0, 0, 1, 0, 0, 0, 1, 33.5, 1, -120.443)
calculate_tangents = false
use_collision = true
size = Vector3(2, 1, 4)

[node name="CSGBox3D62" type="CSGBox3D" parent="festival"]
transform = Transform3D(1, 0, 0, 0, 1, 0, 0, 0, 1, 33.5, 1, -129.443)
calculate_tangents = false
use_collision = true
size = Vector3(2, 1, 4)

[node name="CSGBox3D52" type="CSGBox3D" parent="festival"]
transform = Transform3D(1, 0, 0, 0, 1, 0, 0, 0, 1, 19, 5.5, -124.943)
calculate_tangents = false
use_collision = true
size = Vector3(10, 12, 27)

[node name="CSGBox3D63" type="CSGBox3D" parent="festival"]
transform = Transform3D(1, 0, 0, 0, 1, 0, 0, 0, 1, 34, 2, -137.443)
calculate_tangents = false
use_collision = true
size = Vector3(22, 19, 2)

[node name="CSGCylinder3D" type="CSGCylinder3D" parent="festival/CSGBox3D63"]
transform = Transform3D(1, 0, 0, 0, -4.37114e-08, -1, 0, 1, -4.37114e-08, -1, -2, 0)
operation = 2
radius = 8.0
sides = 16

[node name="CSGBox3D64" type="CSGBox3D" parent="festival"]
transform = Transform3D(1, 0, 0, 0, 1, 0, 0, 0, 1, 34, 2, -138.443)
calculate_tangents = false
use_collision = true
size = Vector3(22, 19, 2)

[node name="CSGBox3D17" type="CSGBox3D" parent="festival"]
transform = Transform3D(0.707107, 0, 0.707107, 0, 1, 0, -0.707107, 0, 0.707107, -11.9149, 0, -41.6102)
calculate_tangents = false
use_collision = true
size = Vector3(16, 1, 39)

[node name="CSGBox3D11" type="CSGBox3D" parent="festival"]
transform = Transform3D(1, 0, 0, 0, 1, 0, 0, 0, 1, 26, -3.68567, -30.5)
calculate_tangents = false
use_collision = true
size = Vector3(19, 3, 54)

[node name="CSGBox3D65" type="CSGBox3D" parent="festival"]
transform = Transform3D(1, 0, 0, 0, 1, 0, 0, 0, 1, 106, -12.6857, -59.5)
calculate_tangents = false
use_collision = true
size = Vector3(67, 23, 170)

[node name="CSGBox3D67" type="CSGBox3D" parent="festival"]
transform = Transform3D(1, 0, 0, 0, 1, 0, 0, 0, 1, 69.3352, -12.6857, -10.3274)
calculate_tangents = false
use_collision = true
size = Vector3(19, 23, 71.6548)

[node name="CSGBox3D68" type="CSGBox3D" parent="festival"]
transform = Transform3D(2.98023e-08, 0, -1, 0, 1, 0, 1, 0, 2.98023e-08, 92.1626, -0.68567, 21.6726)
calculate_tangents = false
use_collision = true
size = Vector3(5, 23, 72)

[node name="CSGBox3D70" type="CSGBox3D" parent="festival"]
transform = Transform3D(2.98023e-08, 0, -1, 0, 1, 0, 1, 0, 2.98023e-08, 51.898, 8.81433, 22.6726)
calculate_tangents = false
use_collision = true
size = Vector3(5, 4, 19)

[node name="CSGBox3D71" type="CSGBox3D" parent="festival"]
transform = Transform3D(2.98023e-08, 0, -1, 0, 1, 0, 1, 0, 2.98023e-08, 55.2874, 1.81433, 25.6726)
calculate_tangents = false
use_collision = true
size = Vector3(5, 18, 23)

[node name="CSGBox3D69" type="CSGBox3D" parent="festival"]
transform = Transform3D(2.98023e-08, 0, -1, 0, 1, 0, 1, 0, 2.98023e-08, 45.398, -0.68567, 22.6726)
calculate_tangents = false
use_collision = true
size = Vector3(5, 23, 6)

[node name="CSGBox3D66" type="CSGBox3D" parent="festival"]
transform = Transform3D(0.866025, 0, -0.5, 0, 1, 0, 0.5, 0, 0.866025, 76.6112, -12.6857, -53.1664)
calculate_tangents = false
use_collision = true
size = Vector3(22, 23, 29)

[node name="CSGBox3D32" type="CSGBox3D" parent="festival"]
transform = Transform3D(1, 0, 0, 0, 1, 0, 0, 0, 1, 40, -2.68567, -47)
calculate_tangents = false
use_collision = true
size = Vector3(9, 1, 21)

[node name="CSGBox3D72" type="CSGBox3D" parent="festival"]
transform = Transform3D(1, 0, 0, 0, 1, 0, 0, 0, 1, 40.5, -3.68567, -33)
calculate_tangents = false
use_collision = true
size = Vector3(6, 3, 3)

[node name="CSGBox3D53" type="CSGBox3D" parent="festival"]
transform = Transform3D(1, 0, 0, 0, 1, 0, 0, 0, 1, 42.5, -4.68567, -38.5)
calculate_tangents = false
use_collision = true
size = Vector3(2, 3, 2)

[node name="CSGBox3D54" type="CSGBox3D" parent="festival"]
transform = Transform3D(1, 0, 0, 0, 1, 0, 0, 0, 1, 42.5, -4.68567, -55.5)
calculate_tangents = false
use_collision = true
size = Vector3(2, 3, 2)

[node name="CSGBox3D58" type="CSGBox3D" parent="festival"]
transform = Transform3D(1, 0, 0, 0, 1, 0, 0, 0, 1, 39.5, -2.18567, -63.5)
calculate_tangents = false
use_collision = true
size = Vector3(2, 8, 2)

[node name="CSGBox3D59" type="CSGBox3D" parent="festival"]
transform = Transform3D(1, 0, 0, 0, 1, 0, 0, 0, 1, 39.5, -2.18567, -66.5)
calculate_tangents = false
use_collision = true
size = Vector3(2, 8, 2)

[node name="CSGBox3D55" type="CSGBox3D" parent="festival"]
transform = Transform3D(1, 0, 0, 0, 1, 0, 0, 0, 1, 42.5, -4.68567, -49.5)
calculate_tangents = false
use_collision = true
size = Vector3(2, 3, 2)

[node name="CSGBox3D56" type="CSGBox3D" parent="festival"]
transform = Transform3D(1, 0, 0, 0, 1, 0, 0, 0, 1, 42.5, -4.68567, -44.5)
calculate_tangents = false
use_collision = true
size = Vector3(2, 3, 2)

[node name="CSGBox3D30" type="CSGBox3D" parent="festival"]
transform = Transform3D(1, 0, 0, 0, 1, 0, 0, 0, 1, 19.5, -3, -18.5)
calculate_tangents = false
use_collision = true
size = Vector3(6, 3, 8)

[node name="CSGBox3D31" type="CSGBox3D" parent="festival"]
transform = Transform3D(0.965926, 0.258819, 0, -0.258819, 0.965926, 0, 0, 0, 1, 24.9881, -3.73184, -18.5)
calculate_tangents = false
use_collision = true
size = Vector3(6, 3, 8)

[node name="CSGBox3D25" type="CSGBox3D" parent="festival"]
transform = Transform3D(0, 0, 1, 0, 1, 0, -1, 0, 0, 10.4504, -2, -53)
calculate_tangents = false
use_collision = true
size = Vector3(27, 3, 29.9009)

[node name="CSGBox3D26" type="CSGBox3D" parent="festival"]
transform = Transform3D(4.37114e-08, -1, -4.37114e-08, -1, -4.37114e-08, 0, -1.91069e-15, 4.37114e-08, -1, -4.5, 2.5, -54.5)
calculate_tangents = false
use_collision = true
size = Vector3(18, 3, 8)

[node name="CSGBox3D28" type="CSGBox3D" parent="festival"]
transform = Transform3D(3.55271e-15, 7.10543e-15, 1, -1, -4.37114e-08, 1.55294e-22, 4.37114e-08, -1, 0, 17, 2.5, -38.5)
calculate_tangents = false
use_collision = true
size = Vector3(18, 3, 21)

[node name="CSGBox3D29" type="CSGBox3D" parent="festival"]
transform = Transform3D(4.37114e-08, -1, -4.37114e-08, -1, -4.37114e-08, 1.55294e-22, -5.4634e-15, 4.37114e-08, -1, 28.5, 2.5, -48.5)
calculate_tangents = false
use_collision = true
size = Vector3(18, 8, 21)

[node name="CSGCylinder3D" type="CSGCylinder3D" parent="festival/CSGBox3D29"]
transform = Transform3D(2.20305e-08, -8.74227e-08, 0.504, 2.20306e-08, 1, 4.40611e-08, -0.504, 1.03316e-07, 2.20305e-08, -0.542287, 0.641582, -2.82423)
operation = 2
radius = 3.5
height = 18.0
sides = 18

[node name="CSGBox3D" type="CSGBox3D" parent="festival/CSGBox3D29"]
transform = Transform3D(1.31134e-07, -0.504, 2.20305e-08, -1, -6.60916e-08, 2.20306e-08, -4.37115e-08, -2.20305e-08, -0.504, 1.17155, -0.358416, -2.82423)
operation = 2
size = Vector3(9, 7.27734, 7)

[node name="CSGBox3D2" type="CSGBox3D" parent="festival/CSGBox3D29"]
transform = Transform3D(0.245422, -0.484062, 2.20305e-08, -0.915926, -0.129704, 4.43824e-08, 5.54704e-08, -1.34937e-08, -0.504, 2.83076, -0.680763, -2.82423)
operation = 2
size = Vector3(10, 4.5918, 7)

[node name="CSGBox3D39" type="CSGBox3D" parent="festival"]
transform = Transform3D(4.37114e-08, -1, -4.37114e-08, -1, -4.37114e-08, 1.55294e-22, -5.4634e-15, 4.37114e-08, -1, 26.7701, 2.5, -66.0146)
calculate_tangents = false
use_collision = true
size = Vector3(18, 11.5586, 19)

[node name="CSGBox3D57" type="CSGBox3D" parent="festival"]
transform = Transform3D(4.37114e-08, -1, -4.37114e-08, -1, -4.37114e-08, 1.55294e-22, -5.4634e-15, 4.37114e-08, -1, 34.4908, 6.5, -65.0146)
calculate_tangents = false
use_collision = true
size = Vector3(10, 13, 7)

[node name="CSGBox3D40" type="CSGBox3D" parent="festival"]
transform = Transform3D(4.37114e-08, -1, -4.37114e-08, -1, -4.37114e-08, 1.55294e-22, -5.4634e-15, 4.37114e-08, -1, 13.9908, 2.5, -66.0146)
calculate_tangents = false
use_collision = true
size = Vector3(18, 8, 19)

[node name="CSGBox3D2" type="CSGBox3D" parent="festival"]
transform = Transform3D(1, 0, 0, 0, 1, 0, 0, 0, 1, -41.8153, 2, 20.6003)
calculate_tangents = false
use_collision = true
size = Vector3(1, 11, 30.0922)

[node name="CSGBox3D3" type="CSGBox3D" parent="festival"]
transform = Transform3D(0.723076, 0, -0.690769, 0, 1, 0, 0.690769, 0, 0.723076, -36.5173, 3.18414, 1.6043)
calculate_tangents = false
use_collision = true
size = Vector3(1, 11, 30.0922)

[node name="CSGBox3D8" type="CSGBox3D" parent="festival"]
transform = Transform3D(0.918446, 0, -0.395545, 0, 1, 0, 0.395545, 0, 0.918446, -38.3743, 3.18414, 4.47917)
calculate_tangents = false
use_collision = true
size = Vector3(1, 11, 34.2883)

[node name="CSGBox3D7" type="CSGBox3D" parent="festival"]
transform = Transform3D(1, 0, 0, 0, 1, 0, 0, 0, 1, 23.5, 3, -13)
calculate_tangents = false
use_collision = true
size = Vector3(8, 17, 7)

[node name="CSGBox3D12" type="CSGBox3D" parent="festival"]
transform = Transform3D(1.31134e-07, 0, 1, 0, 1, 0, -1, 0, 1.31134e-07, 27, 3.5, -12.5)
calculate_tangents = false
use_collision = true
size = Vector3(8, 16, 11)

[node name="CSGBox3D13" type="CSGBox3D" parent="festival"]
transform = Transform3D(1.31134e-07, 0, 1, 0, 1, 0, -1, 0, 1.31134e-07, 24.5, 3.5, -29)
calculate_tangents = false
use_collision = true
size = Vector3(19, 16, 16)

[node name="CSGBox3D10" type="CSGBox3D" parent="festival"]
transform = Transform3D(-4.37114e-08, -1, 0, 0.965926, -4.2222e-08, 0.258819, -0.258819, 1.13133e-08, 0.965926, 18, -2.06243, -17.025)
calculate_tangents = false
use_collision = true
size = Vector3(1, 7, 16)

[node name="CSGBox3D9" type="CSGBox3D" parent="festival"]
transform = Transform3D(1, 0, 0, 0, 1, 0, 0, 0, 1, 16.0279, -0.5, -16.4689)
calculate_tangents = false
use_collision = true
size = Vector3(1, 16, 12)

[node name="CSGBox3D4" type="CSGBox3D" parent="festival"]
transform = Transform3D(-4.37114e-08, 0, -2.6, 0, 1, 0, 1, 0, -1.1365e-07, -10.2, 5.12789, 50.2601)
calculate_tangents = false
use_collision = true
size = Vector3(1, 11, 25)

[node name="CSGBox3D5" type="CSGBox3D" parent="festival"]
transform = Transform3D(-4.37114e-08, 0, 1, 0, 1, 0, -1, 0, -4.37114e-08, -4.37114e-08, 6, -9)
operation = 2
calculate_tangents = false
use_collision = true
size = Vector3(3, 11, 31)

[node name="CSGBox3D" type="CSGBox3D" parent="festival/CSGBox3D5"]
transform = Transform3D(1, 0, 0, 0, 0.9, 0, 0, 0, 0.8, 0, -1.69732, 0)
operation = 2
size = Vector3(3, 16, 13)

[node name="CSGBox3D6" type="CSGBox3D" parent="festival"]
transform = Transform3D(-4.37114e-08, 0, 2.86, 0, 1, 0, -1, 0, -1.25015e-07, -0.0622821, 6, 42.0215)
operation = 2
calculate_tangents = false
use_collision = true
size = Vector3(15.7891, 11, 31)

[node name="CSGCylinder3D" type="CSGCylinder3D" parent="festival/CSGBox3D6"]
transform = Transform3D(-1.96701e-08, -8.45999, 4.37114e-08, 0, -3.69798e-07, -1, 0.45, -3.69798e-07, 1.91069e-15, 0, -0.546301, 0)
operation = 2
radius = 3.5
sides = 18

[node name="CSGBox3D" type="CSGBox3D" parent="festival/CSGBox3D6"]
transform = Transform3D(8.45999, 0, -2.13163e-14, 0, 1, 0, 1.42109e-14, 0, 0.45, 0, -4.5, 0)
operation = 2
size = Vector3(3, 8, 7)

[node name="CSGCylinder3D" type="CSGCylinder3D" parent="festival"]
transform = Transform3D(0.92388, 0, -0.382683, 0, 1, 0, 0.382683, 0, 0.92388, 11, 5.5, -111)
calculate_tangents = false
use_collision = true
radius = 14.0
height = 12.0

[node name="CSGCylinder3D5" type="CSGCylinder3D" parent="festival"]
transform = Transform3D(0.92388, 0, -0.382683, 0, 1, 0, 0.382683, 0, 0.92388, 31, 1.5, -88)
calculate_tangents = false
use_collision = true
radius = 14.0
height = 18.0
sides = 16

[node name="CSGCylinder3D5" type="CSGCylinder3D" parent="festival/CSGCylinder3D5"]
transform = Transform3D(0.92388, 0, -0.382683, 0, 1, 0, 0.382683, 0, 0.92388, 0, 0, 0)
operation = 2
calculate_tangents = false
use_collision = true
radius = 12.0
height = 18.0
sides = 16

[node name="CSGBox3D" type="CSGBox3D" parent="festival/CSGCylinder3D5"]
transform = Transform3D(0.92388, 0, 0.382683, 0, 1, 0, -0.382683, 0, 0.92388, -7.27894, 4, 4.63863)
operation = 2
size = Vector3(18, 15, 36)

[node name="CSGBox3D2" type="CSGBox3D" parent="festival/CSGCylinder3D5"]
transform = Transform3D(0.92388, 0, 0.382683, 0, 1, 0, -0.382683, 0, 0.92388, 11.5485, 2, -4.78354)
operation = 2
size = Vector3(6, 11, 5)

[node name="CSGBox3D3" type="CSGBox3D" parent="festival/CSGCylinder3D5"]
transform = Transform3D(0.991445, 0, -0.130526, 0, 1, 0, 0.130526, 0, 0.991445, 13.3034, 2, 2.0663)
operation = 2
size = Vector3(6, 11, 5)

[node name="CSGBox3D4" type="CSGBox3D" parent="festival/CSGCylinder3D5"]
transform = Transform3D(0.793354, 0, -0.608762, 0, 1, 0, 0.608762, 0, 0.793354, 8.9082, 2, 7.13403)
operation = 2
size = Vector3(6, 11, 5)

[node name="CSGBox3D5" type="CSGBox3D" parent="festival/CSGCylinder3D5"]
transform = Transform3D(0.130526, 0, 0.991445, 0, 1, 0, -0.991445, 0, 0.130526, 0.759792, 2, -13.8446)
operation = 2
size = Vector3(6, 11, 5)

[node name="CSGBox3D6" type="CSGBox3D" parent="festival/CSGCylinder3D5"]
transform = Transform3D(0.608762, 0, 0.793354, 0, 1, 0, -0.793354, 0, 0.608762, 6.75141, 2, -9.83211)
operation = 2
size = Vector3(6, 11, 5)

[node name="CSGCylinder3D6" type="CSGCylinder3D" parent="festival"]
transform = Transform3D(0.92388, 0, -0.382683, 0, 1, 0, 0.382683, 0, 0.92388, 31, -3.5, -88)
calculate_tangents = false
use_collision = true
radius = 14.0
height = 8.0
sides = 16

[node name="CSGCylinder3D3" type="CSGCylinder3D" parent="festival"]
transform = Transform3D(0.92388, 0, -0.382683, 0, 1, 0, 0.382683, 0, 0.92388, -4.57039, -0.5, -70.1858)
calculate_tangents = false
use_collision = true
radius = 14.0
height = 4.0

[node name="CSGCylinder3D4" type="CSGCylinder3D" parent="festival"]
transform = Transform3D(0.92388, 0, -0.382683, 0, 1, 0, 0.382683, 0, 0.92388, 0.429609, -0.983706, -66.1858)
calculate_tangents = false
use_collision = true
radius = 14.0
height = 4.0

[node name="CSGBox3D" type="CSGBox3D" parent="festival/CSGCylinder3D4"]
transform = Transform3D(1, 0, 0, 0, 1, 0, 0, 0, 1, 5.35756, 0, 8.93435)
operation = 2
size = Vector3(13, 5, 9)

[node name="CSGCylinder3D2" type="CSGCylinder3D" parent="festival"]
transform = Transform3D(0.92388, 0, -0.382683, 0, 1, 0, 0.382683, 0, 0.92388, 11, 18.5, -111)
calculate_tangents = false
use_collision = true
radius = 6.0
height = 40.0

[node name="CSGBox3D42" type="CSGBox3D" parent="festival"]
transform = Transform3D(1, 0, 0, 0, 0.866025, -0.5, 0, 0.5, 0.866025, -36.5, 2.81471, -62.6584)
use_collision = true
size = Vector3(2, 1, 13)

[node name="CSGBox3D47" type="CSGBox3D" parent="festival"]
transform = Transform3D(-4.37114e-08, -0.5, -0.866025, 0, 0.866025, -0.5, 1, -2.18557e-08, -3.78552e-08, -33.5311, 7.06471, -69.0401)
use_collision = true
size = Vector3(2, 1, 4)

[node name="CSGBox3D44" type="CSGBox3D" parent="festival"]
transform = Transform3D(-4.2222e-08, -0.258819, -0.965926, 1.13133e-08, 0.965926, -0.258819, 1, -2.18557e-08, -3.78552e-08, -40.9609, -0.373554, -56.0726)
use_collision = true
size = Vector3(3, 1, 3)

[node name="CSGBox3D23" type="CSGBox3D" parent="festival"]
transform = Transform3D(1, 0, 0, 0, 1, 0, 0, 0, 1, 57.5, -3, -88)
use_collision = true
size = Vector3(28, 7, 9)

[node name="CSGCylinder3D7" type="CSGCylinder3D" parent="festival/CSGBox3D23"]
transform = Transform3D(3.24817e-15, -4.37114e-08, -1, -1.7, -4.37114e-08, 0, -7.43094e-08, 1, -4.37114e-08, -9, -4, 0)
operation = 2
radius = 4.0
height = 10.0
sides = 24

[node name="CSGCylinder3D8" type="CSGCylinder3D" parent="festival/CSGBox3D23"]
transform = Transform3D(3.24817e-15, -4.37114e-08, -1, -1.7, -4.37114e-08, 0, -7.43094e-08, 1, -4.37114e-08, 0, -4, 0)
operation = 2
radius = 4.0
height = 10.0
sides = 24

[node name="CSGCylinder3D9" type="CSGCylinder3D" parent="festival/CSGBox3D23"]
transform = Transform3D(3.24817e-15, -4.37114e-08, -1, -1.7, -4.37114e-08, 0, -7.43094e-08, 1, -4.37114e-08, 9, -4, 0)
operation = 2
radius = 4.0
height = 10.0
sides = 24

[node name="Character" parent="." instance=ExtResource("1_grb3a")]
transform = Transform3D(1, 0, 0, 0, 1, 0, 0, 0, 1, 0, 0.545432, 48.4035)
LEFT = "left"
RIGHT = "right"
FORWARD = "forward"
BACKWARD = "backward"
jump_animation = false

[node name="DirectionalLight3D" type="DirectionalLight3D" parent="."]
transform = Transform3D(-0.707107, 0.604136, -0.36745, 0, 0.519653, 0.854377, 0.707107, 0.604136, -0.36745, 0, 18.0363, 13.6116)
light_color = Color(1, 0.956863, 0.729412, 1)
light_energy = 1.318
light_indirect_energy = 1.25
shadow_enabled = true
shadow_bias = 0.09

[node name="WorldEnvironment" type="WorldEnvironment" parent="."]
environment = SubResource("Environment_mbhlm")

[node name="MeshInstance3D" type="MeshInstance3D" parent="."]
transform = Transform3D(55.332, 0, 0, 0, -7.2866e-06, 1, 0, -166.698, -4.37114e-08, 44, -5, -59)
material_override = SubResource("StandardMaterial3D_lqyfd")
mesh = SubResource("QuadMesh_wvfal")

[node name="MeshInstance3D2" type="MeshInstance3D" parent="."]
transform = Transform3D(10, 0, 0, 0, 4.29, 0, 0, 0, 2.992, 0, 14.7, -6.9)
visible = false
mesh = SubResource("BoxMesh_180s6")
skeleton = NodePath("../entrance")

[node name="MeshInstance3D3" type="MeshInstance3D" parent="."]
transform = Transform3D(2.2, 0, 0, 0, 6.6924, 0, 0, 0, 2.992, 3.9, 11.7, -6.9)
visible = false
mesh = SubResource("BoxMesh_180s6")
skeleton = NodePath("../entrance")

[node name="MeshInstance3D4" type="MeshInstance3D" parent="."]
transform = Transform3D(2.2, 0, 0, 0, 6.6924, 0, 0, 0, 2.992, -3.9, 11.7, -6.9)
visible = false
mesh = SubResource("BoxMesh_180s6")
skeleton = NodePath("../entrance")

[node name="Courtyard2" type="MeshInstance3D" parent="."]
transform = Transform3D(-0.628, 0, -5.49015e-08, 0, 0.628, 0, 5.49015e-08, 0, -0.628, -15.8399, 0.516253, -76.9303)
material_override = SubResource("StandardMaterial3D_ji3y2")
mesh = ExtResource("3_i723x")
skeleton = NodePath("../Courtyard")

[node name="Courtyard" type="MeshInstance3D" parent="."]
transform = Transform3D(0.56, 0, 0, 0, 0.56, 0, 0, 0, 0.56, -6.46647, 0.498935, -4.02833)
material_override = SubResource("StandardMaterial3D_ji3y2")
mesh = ExtResource("5_hkspr")

[node name="CSGBox3D73" type="CSGBox3D" parent="Courtyard"]
transform = Transform3D(-7.80561e-08, 0, 1.78571, 0, 1.78571, 0, -1.78571, 0, -7.80561e-08, 5.44031, 7.14476, -4.03048)
visible = false
use_collision = true
size = Vector3(4.4292, 8, 1.58179)

[node name="CSGBox3D74" type="CSGBox3D" parent="Courtyard"]
transform = Transform3D(-7.80561e-08, 0, 1.78571, 0, 1.78571, 0, -1.78571, 0, -7.80561e-08, 17.5435, 7.14476, -4.00498)
visible = false
use_collision = true
size = Vector3(4.45776, 8, 1.58783)

[node name="fountain" type="MeshInstance3D" parent="Courtyard"]
transform = Transform3D(1, 0, 0, 0, 1, 0, 0, 0, 1, 11.5473, 0.259516, 28.622)
material_override = SubResource("StandardMaterial3D_46pwq")
mesh = ExtResource("11_ojs8s")
skeleton = NodePath("../..")

[node name="water" type="MeshInstance3D" parent="Courtyard/fountain"]
transform = Transform3D(-4.7, 1.84954e-14, 8.74228e-08, 4.10887e-07, 2.11563e-07, 1, -1.05933e-28, 4.84, -4.37114e-08, 0, 0.535714, 0)
mesh = SubResource("QuadMesh_xh6qv")
surface_material_override/0 = SubResource("StandardMaterial3D_ar5oc")

[node name="water3" type="MeshInstance3D" parent="Courtyard/fountain"]
transform = Transform3D(-4.7, 1.84954e-14, 8.74228e-08, 4.10887e-07, 2.11563e-07, 1, -1.05933e-28, 4.84, -4.37114e-08, 0, 0.442303, 0)
mesh = SubResource("QuadMesh_xh6qv")
surface_material_override/0 = SubResource("StandardMaterial3D_ar5oc")

[node name="water2" type="MeshInstance3D" parent="Courtyard/fountain"]
transform = Transform3D(-4.7, 1.84954e-14, 8.74228e-08, 4.10887e-07, 2.11563e-07, 1, -1.05933e-28, 4.84, -4.37114e-08, 0, 0.357143, 0)
mesh = SubResource("QuadMesh_xh6qv")
surface_material_override/0 = SubResource("StandardMaterial3D_hebfo")

[node name="floorSprite" type="Sprite3D" parent="Courtyard"]
transform = Transform3D(1, 0, 0, 0, -4.37114e-08, 1, 0, -1, -4.37114e-08, 11.495, 0.005, 28.049)
pixel_size = 0.124
shaded = true
alpha_cut = 1
texture_filter = 0
texture = ExtResource("8_mbgyn")
metadata/_edit_lock_ = true

[node name="CSGBox3D" type="CSGBox3D" parent="Courtyard/floorSprite"]
transform = Transform3D(1, 0, 0, 0, 1, -1.55964e-12, 0, 1.55964e-12, 1, 25.5, -17.7143, 7)
size = Vector3(14, 14, 1)

[node name="CSGBox3D39" type="CSGBox3D" parent="Courtyard/floorSprite"]
transform = Transform3D(0.965926, 0.258819, 1.13128e-08, -0.258819, 0.965926, -1.49186e-09, -1.13133e-08, -1.48679e-09, 1, 47.5975, -10.9528, 1.85714)
size = Vector3(1, 18, 5)

[node name="CSGBox3D43" type="CSGBox3D" parent="Courtyard/floorSprite"]
transform = Transform3D(1, 0, 0, 0, 1, -1.01608e-12, 0, 1.01608e-12, 1, 59.526, -15.4528, -0.142857)
size = Vector3(9, 9, 1)

[node name="CSGBox3D50" type="CSGBox3D" parent="Courtyard/floorSprite"]
transform = Transform3D(0.963782, -0.254887, -0.0784707, 0.25, 0.965926, -0.0669873, 0.092871, 0.0449435, 0.994663, -53.5153, -6.99387, 3.65822)
size = Vector3(7.9, 6, 1)

[node name="CSGBox3D51" type="CSGBox3D" parent="Courtyard/floorSprite"]
transform = Transform3D(0.963782, -0.254887, -0.0784707, 0.25, 0.965926, -0.0669873, 0.092871, 0.0449435, 0.994663, -50.814, -13.7207, 3.74645)
size = Vector3(6, 6, 1)

[node name="CSGBox3D46" type="CSGBox3D" parent="Courtyard/floorSprite"]
transform = Transform3D(1, 0, 0, 0, 1, -1.5099e-12, 0, 1.5099e-12, 1, 47.0975, -20.7385, 0.357143)
size = Vector3(2, 2, 2)

[node name="CSGBox3D47" type="CSGBox3D" parent="Courtyard/floorSprite"]
transform = Transform3D(1, 0, 0, 0, 1, -1.52411e-12, 0, 1.52411e-12, 1, 45.4766, -23.2984, 0.357143)
size = Vector3(2, 2, 2)

[node name="CSGBox3D48" type="CSGBox3D" parent="Courtyard/floorSprite"]
transform = Transform3D(0.866025, -0.5, -2.18549e-08, 0.5, 0.866025, -5.85756e-09, 2.18557e-08, -5.85468e-09, 1, 48.6909, -22.9413, 0.357143)
size = Vector3(2, 2, 2)

[node name="CSGBox3D49" type="CSGBox3D" parent="Courtyard/floorSprite"]
transform = Transform3D(0.866025, -0.5, -2.18549e-08, 0.5, 0.866025, -5.85761e-09, 2.18557e-08, -5.85468e-09, 1, 46.6953, -21.16, 1.82143)

[node name="CSGBox3D44" type="CSGBox3D" parent="Courtyard/floorSprite"]
transform = Transform3D(0.952586, -0.163527, -0.256593, 0.151247, 0.986221, -0.0670254, 0.264018, 0.0250387, 0.964193, 57.9791, -3.18722, 6.3246)
size = Vector3(15, 5, 1)

[node name="CSGBox3D45" type="CSGBox3D" parent="Courtyard/floorSprite"]
transform = Transform3D(0.14766, 0.987138, 0.0612806, -0.923773, 0.159786, -0.348012, -0.353327, -0.00522204, 0.935485, 45.65, -23.1555, 2.59705)
size = Vector3(6, 4, 1)

[node name="CSGBox3D41" type="CSGBox3D" parent="Courtyard/floorSprite"]
transform = Transform3D(0.5, 0.866026, 3.78531e-08, -0.866026, 0.5, -2.18573e-08, -3.78555e-08, -2.1853e-08, 1, 15.9413, 25.7972, 1.85714)
size = Vector3(1, 15, 5)

[node name="CSGBox3D42" type="CSGBox3D" parent="Courtyard/floorSprite"]
transform = Transform3D(0.5, -0.866025, -3.78528e-08, 0.866025, 0.5, -2.18568e-08, 3.78549e-08, -2.1853e-08, 1, -16.2016, 25.7972, 1.85714)
size = Vector3(1, 15, 5)

[node name="CSGBox3D40" type="CSGBox3D" parent="Courtyard/floorSprite"]
transform = Transform3D(0.965926, -0.258819, -1.13126e-08, 0.258819, 0.965926, -1.49185e-09, 1.13134e-08, -1.48671e-09, 1, -47.0454, -10.9528, 1.85714)
size = Vector3(1, 18, 5)

[node name="CSGBox3D2" type="CSGBox3D" parent="Courtyard/floorSprite"]
transform = Transform3D(1, 0, 0, 0, 1, -2.33413e-12, 0, 2.33413e-12, 1, 19, -24.2143, 3.5)
size = Vector3(1, 1, 8)

[node name="CSGBox3D3" type="CSGBox3D" parent="Courtyard/floorSprite"]
transform = Transform3D(1, 0, 0, 0, 1, -2.35545e-12, 0, 2.35545e-12, 1, 32.0357, -24.2143, 3.5)
size = Vector3(1, 1, 8)

[node name="CSGBox3D4" type="CSGBox3D" parent="Courtyard/floorSprite"]
transform = Transform3D(1, 0, 0, 0, 1, -2.36966e-12, 0, 2.36966e-12, 1, 32.0357, -11.1786, 3.5)
size = Vector3(1, 1, 8)

[node name="CSGBox3D5" type="CSGBox3D" parent="Courtyard/floorSprite"]
transform = Transform3D(1, 0, 0, 0, 1, -2.38742e-12, 0, 2.38742e-12, 1, 19, -11.1786, 3.5)
size = Vector3(1, 1, 8)

[node name="CSGBox3D6" type="CSGBox3D" parent="Courtyard/floorSprite"]
transform = Transform3D(1, 0, 0, 0, 1, -1.57385e-12, 0, 1.57385e-12, 1, -26.2857, -17.7143, 7)
size = Vector3(14, 14, 1)

[node name="CSGBox3D7" type="CSGBox3D" parent="Courtyard/floorSprite"]
transform = Transform3D(1, 0, 0, 0, 1, -2.34834e-12, 0, 2.34834e-12, 1, -32.7857, -24.2143, 3.5)
size = Vector3(1, 1, 8)

[node name="CSGBox3D8" type="CSGBox3D" parent="Courtyard/floorSprite"]
transform = Transform3D(1, 0, 0, 0, 1, -2.36966e-12, 0, 2.36966e-12, 1, -19.75, -24.2143, 3.5)
size = Vector3(1, 1, 8)

[node name="CSGBox3D9" type="CSGBox3D" parent="Courtyard/floorSprite"]
transform = Transform3D(1, 0, 0, 0, 1, -2.38387e-12, 0, 2.38387e-12, 1, -19.75, -11.1786, 3.5)
size = Vector3(1, 1, 8)

[node name="CSGBox3D10" type="CSGBox3D" parent="Courtyard/floorSprite"]
transform = Transform3D(1, 0, 0, 0, 1, -2.40163e-12, 0, 2.40163e-12, 1, -32.7857, -11.1786, 3.5)
size = Vector3(1, 1, 8)

[node name="CSGBox3D11" type="CSGBox3D" parent="Courtyard/floorSprite"]
transform = Transform3D(1, 0, 0, 0, 1, -3.57758e-12, 0, 3.57758e-12, 1, 0.107131, -0.099987, -2.98023e-07)
visible = false
size = Vector3(14.5, 14.5, 1)

[node name="CSGBox3D15" type="CSGBox3D" parent="Courtyard/floorSprite"]
transform = Transform3D(0.707107, 0.707107, 3.0906e-08, -0.707107, 0.707107, -1.28054e-08, -3.09086e-08, -1.27991e-08, 1, -39.9413, 15.3873, 5.35714)
size = Vector3(7, 28, 1)

[node name="CSGBox3D20" type="CSGBox3D" parent="Courtyard/floorSprite"]
transform = Transform3D(0.924725, 0.380635, 1.66367e-08, -0.380635, 0.924725, -3.29383e-09, -1.66381e-08, -3.28667e-09, 1, -21.5975, 8.99441, 10.7143)
